The board -  1  takes  0.019582033157348633  seconds
After solving: 
4   8   3    |  9   2   1    |  6   5   7
9   6   7    |  3   4   5    |  8   2   1
2   5   1    |  8   7   6    |  4   9   3
-------------------------------------------
5   4   8    |  1   3   2    |  9   7   6
7   2   9    |  5   6   4    |  1   3   8
1   3   6    |  7   9   8    |  2   4   5
-------------------------------------------
3   7   2    |  6   8   9    |  5   1   4
8   1   4    |  2   5   3    |  7   6   9
6   9   5    |  4   1   7    |  3   8   2
The board -  2  takes  0.006038188934326172  seconds
After solving:
2   4   5    |  9   8   1    |  3   7   6
1   6   9    |  2   7   3    |  5   8   4
8   3   7    |  5   6   4    |  2   1   9
-------------------------------------------
9   7   6    |  1   2   5    |  4   3   8
5   1   3    |  4   9   8    |  6   2   7
4   8   2    |  7   3   6    |  9   5   1
-------------------------------------------
3   9   1    |  6   5   7    |  8   4   2
7   2   8    |  3   4   9    |  1   6   5
6   5   4    |  8   1   2    |  7   9   3   
The board -  3  takes  0.008258819580078125  seconds
After solving:
4   6   2    |  8   3   1    |  9   5   7
7   9   5    |  4   2   6    |  1   8   3
3   8   1    |  7   9   5    |  4   2   6
-------------------------------------------
1   7   3    |  9   8   4    |  2   6   5
6   5   9    |  3   1   2    |  7   4   8
2   4   8    |  5   6   7    |  3   1   9
-------------------------------------------
9   2   6    |  1   7   8    |  5   3   4
8   3   4    |  2   5   9    |  6   7   1
5   1   7    |  6   4   3    |  8   9   2
The board -  4  takes  0.0018188953399658203  seconds
After solving:
1   3   7    |  2   5   6    |  8   4   9
9   2   8    |  3   1   4    |  5   6   7
4   6   5    |  8   9   7    |  3   1   2
-------------------------------------------
6   7   3    |  5   4   2    |  9   8   1
8   1   9    |  6   7   3    |  2   5   4
5   4   2    |  1   8   9    |  7   3   6
-------------------------------------------
2   5   6    |  7   3   1    |  4   9   8
3   9   1    |  4   2   8    |  6   7   5
7   8   4    |  9   6   5    |  1   2   3
The board -  5  takes  0.0064716339111328125  seconds
After solving:
5   2   3    |  8   1   6    |  7   4   9
7   8   4    |  5   9   3    |  1   2   6
6   9   1    |  4   7   2    |  8   3   5
-------------------------------------------
2   3   9    |  1   4   5    |  6   8   7
4   5   7    |  2   6   8    |  9   1   3
1   6   8    |  9   3   7    |  2   5   4
-------------------------------------------
3   4   2    |  7   8   9    |  5   6   1
9   1   5    |  6   2   4    |  3   7   8
8   7   6    |  3   5   1    |  4   9   2
The board -  6  takes  0.006048917770385742  seconds
After solving:
1   7   6    |  9   2   3    |  5   8   4
5   2   4    |  8   1   7    |  6   3   9
8   9   3    |  6   5   4    |  2   7   1
-------------------------------------------
9   5   7    |  3   4   8    |  1   6   2
6   3   8    |  1   9   2    |  4   5   7
4   1   2    |  7   6   5    |  3   9   8
-------------------------------------------
2   6   5    |  4   8   9    |  7   1   3
7   8   1    |  2   3   6    |  9   4   5
3   4   9    |  5   7   1    |  8   2   6
The board -  7  takes  0.007515430450439453  seconds
After solving:
1   4   3    |  9   8   6    |  2   5   7
6   7   9    |  4   2   5    |  3   8   1
2   8   5    |  7   3   1    |  6   9   4
-------------------------------------------
9   6   2    |  3   5   4    |  1   7   8
3   5   7    |  6   1   8    |  9   4   2
4   1   8    |  2   7   9    |  5   6   3
-------------------------------------------
8   2   1    |  5   6   7    |  4   3   9
7   9   6    |  1   4   3    |  8   2   5
5   3   4    |  8   9   2    |  7   1   6
The board -  8  takes  0.0024094581604003906  seconds
After solving:
4   8   7    |  1   5   6    |  9   3   2
3   6   2    |  4   9   8    |  7   5   1
9   1   5    |  3   7   2    |  8   6   4
-------------------------------------------
8   4   6    |  5   1   9    |  2   7   3
5   9   3    |  7   2   4    |  1   8   6
2   7   1    |  8   6   3    |  5   4   9
-------------------------------------------
1   2   4    |  6   8   5    |  3   9   7
7   3   8    |  9   4   1    |  6   2   5
6   5   9    |  2   3   7    |  4   1   8
The board -  9  takes  0.01615309715270996  seconds
After solving:
8   1   4    |  9   7   6    |  5   3   2
6   5   9    |  1   2   3    |  4   7   8
7   3   2    |  8   5   4    |  1   6   9
-------------------------------------------
9   4   8    |  2   6   5    |  3   1   7
2   7   5    |  3   4   1    |  8   9   6
1   6   3    |  7   9   8    |  2   4   5
-------------------------------------------
3   9   1    |  6   8   2    |  7   5   4
5   8   7    |  4   3   9    |  6   2   1
4   2   6    |  5   1   7    |  9   8   3
The board -  10  takes  0.009270668029785156  seconds
After solving:
7   6   1    |  9   2   8    |  4   5   3
9   2   5    |  7   4   3    |  1   6   8
4   3   8    |  6   1   5    |  9   2   7
-------------------------------------------
3   5   7    |  4   6   1    |  2   8   9
8   9   4    |  3   7   2    |  6   1   5
2   1   6    |  5   8   9    |  3   7   4
-------------------------------------------
6   8   9    |  1   5   4    |  7   3   2
1   4   2    |  8   3   7    |  5   9   6
5   7   3    |  2   9   6    |  8   4   1
The board -  11  takes  0.005498170852661133  seconds
After solving:
9   7   6    |  1   2   5    |  4   3   8
1   5   8    |  4   3   6    |  9   2   7
4   2   3    |  8   7   9    |  1   5   6
-------------------------------------------
2   3   4    |  7   6   1    |  8   9   5
8   6   7    |  9   5   2    |  3   1   4
5   1   9    |  3   8   4    |  7   6   2
-------------------------------------------
7   8   2    |  5   1   3    |  6   4   9
3   9   5    |  6   4   7    |  2   8   1
6   4   1    |  2   9   8    |  5   7   3
The board -  12  takes  0.005681276321411133  seconds
After solving:
9   6   2    |  3   4   1    |  7   5   8
1   4   8    |  9   7   5    |  6   2   3
5   7   3    |  2   6   8    |  1   4   9
-------------------------------------------
3   2   1    |  6   9   4    |  8   7   5
4   8   7    |  5   1   2    |  9   3   6
6   9   5    |  8   3   7    |  4   1   2   
-------------------------------------------
8   3   4    |  7   2   6    |  5   9   1
2   1   6    |  4   5   9    |  3   8   7
7   5   9    |  1   8   3    |  2   6   4
The board -  13  takes  0.005002737045288086  seconds
After solving:
3   9   7    |  6   8   1    |  5   2   4
6   4   5    |  2   7   9    |  8   1   3
2   1   8    |  5   3   4    |  9   7   6
-------------------------------------------
8   2   3    |  9   5   6    |  7   4   1
1   6   9    |  7   4   2    |  3   5   8
7   5   4    |  3   1   8    |  6   9   2
-------------------------------------------
4   7   2    |  8   9   3    |  1   6   5
5   3   1    |  4   6   7    |  2   8   9
9   8   6    |  1   2   5    |  4   3   7
The board -  14  takes  0.004532814025878906  seconds
After solving:
6   3   9    |  2   1   8    |  4   5   7
4   7   1    |  5   3   9    |  2   6   8
8   2   5    |  6   7   4    |  1   3   9
-------------------------------------------
5   6   4    |  8   2   3    |  7   9   1
7   9   3    |  4   5   1    |  8   2   6
2   1   8    |  7   9   6    |  3   4   5
-------------------------------------------
3   5   2    |  9   8   7    |  6   1   4   
1   8   6    |  3   4   5    |  9   7   2
9   4   7    |  1   6   2    |  5   8   3
The board -  15  takes  0.005609035491943359  seconds
After solving:
6   9   7    |  1   2   8    |  3   4   5
4   2   8    |  6   3   5    |  1   9   7
3   1   5    |  4   7   9    |  6   8   2
-------------------------------------------
5   3   1    |  2   4   6    |  9   7   8
2   8   6    |  3   9   7    |  4   5   1
9   7   4    |  5   8   1    |  2   6   3
-------------------------------------------
1   4   9    |  8   5   2    |  7   3   6
7   5   2    |  9   6   3    |  8   1   4
8   6   3    |  7   1   4    |  5   2   9
The board -  16  takes  0.004701852798461914  seconds
After solving:
3   6   1    |  7   2   5    |  9   4   8
5   8   7    |  9   6   4    |  2   1   3
4   9   2    |  8   3   1    |  6   5   7
-------------------------------------------
6   3   8    |  2   5   9    |  4   7   1
1   7   4    |  6   8   3    |  5   9   2
2   5   9    |  1   4   7    |  8   3   6
-------------------------------------------
7   4   6    |  3   9   2    |  1   8   5   
9   2   3    |  5   1   8    |  7   6   4
8   1   5    |  4   7   6    |  3   2   9
The board -  17  takes  0.0050928592681884766  seconds
After solving:
3   5   9    |  8   6   7    |  1   2   4
6   4   8    |  3   1   2    |  5   9   7
7   1   2    |  5   4   9    |  8   3   6
-------------------------------------------
8   7   6    |  9   2   4    |  3   5   1
5   2   4    |  7   3   1    |  9   6   8
1   9   3    |  6   8   5    |  4   7   2
-------------------------------------------
9   3   1    |  4   7   6    |  2   8   5
4   6   5    |  2   9   8    |  7   1   3
2   8   7    |  1   5   3    |  6   4   9
The board -  18  takes  0.005359172821044922  seconds
After solving:
7   8   6    |  9   4   5    |  3   1   2
2   1   9    |  8   6   3    |  4   5   7
5   3   4    |  2   7   1    |  8   6   9
-------------------------------------------
1   6   5    |  4   8   2    |  9   7   3
3   2   7    |  6   1   9    |  5   4   8
4   9   8    |  5   3   7    |  1   2   6
-------------------------------------------
9   5   1    |  7   2   8    |  6   3   4   
8   4   2    |  3   5   6    |  7   9   1
6   7   3    |  1   9   4    |  2   8   5
The board -  19  takes  0.0051081180572509766  seconds
After solving:
7   4   3    |  5   1   2    |  9   8   6
5   8   9    |  3   4   6    |  2   1   7
1   2   6    |  9   8   7    |  3   4   5
-------------------------------------------
9   3   4    |  2   5   1    |  7   6   8
6   7   1    |  4   9   8    |  5   3   2
8   5   2    |  7   6   3    |  4   9   1
-------------------------------------------
3   9   8    |  6   7   5    |  1   2   4
4   1   7    |  8   2   9    |  6   5   3
2   6   5    |  1   3   4    |  8   7   9
The board -  20  takes  0.0059473514556884766  seconds
After solving:
7   8   2    |  6   1   4    |  3   5   9
4   3   9    |  8   2   5    |  1   7   6
6   5   1    |  9   3   7    |  4   2   8
-------------------------------------------
2   9   3    |  4   7   1    |  8   6   5
5   6   8    |  3   9   2    |  7   1   4
1   4   7    |  5   6   8    |  2   9   3
-------------------------------------------
3   2   6    |  7   4   9    |  5   8   1
9   7   5    |  1   8   3    |  6   4   2
8   1   4    |  2   5   6    |  9   3   7
The board -  21  takes  0.0039975643157958984  seconds
After solving:
4   2   8    |  5   3   1    |  7   9   6
3   6   5    |  9   4   7    |  1   8   2
9   7   1    |  2   6   8    |  4   3   5
-------------------------------------------
2   1   4    |  8   9   6    |  5   7   3
6   9   7    |  4   5   3    |  2   1   8
5   8   3    |  1   7   2    |  9   6   4
-------------------------------------------
8   4   9    |  6   1   5    |  3   2   7
7   5   2    |  3   8   9    |  6   4   1
1   3   6    |  7   2   4    |  8   5   9
The board -  22  takes  0.00639033317565918  seconds
After solving:
4   2   5    |  7   8   1    |  9   3   6
1   7   8    |  3   6   9    |  5   2   4
3   6   9    |  5   2   4    |  1   8   7
-------------------------------------------
8   9   4    |  1   5   7    |  3   6   2
6   5   2    |  8   4   3    |  7   9   1
7   1   3    |  6   9   2    |  8   4   5
-------------------------------------------
9   8   7    |  2   1   6    |  4   5   3
5   3   6    |  4   7   8    |  2   1   9
2   4   1    |  9   3   5    |  6   7   8
The board -  23  takes  0.00526881217956543  seconds
After solving:
3   4   8    |  2   6   7    |  9   5   1
5   7   1    |  9   4   3    |  6   2   8
2   6   9    |  1   8   5    |  3   7   4
-------------------------------------------
6   9   7    |  3   5   1    |  4   8   2
1   2   3    |  8   7   4    |  5   9   6
8   5   4    |  6   2   9    |  1   3   7
-------------------------------------------
4   1   5    |  7   9   8    |  2   6   3
9   8   2    |  4   3   6    |  7   1   5
7   3   6    |  5   1   2    |  8   4   9
The board -  24  takes  0.005637407302856445  seconds
After solving:
1   2   4    |  9   8   6    |  7   3   5
8   6   7    |  4   3   5    |  9   1   2
3   9   5    |  7   1   2    |  6   8   4
-------------------------------------------
4   7   8    |  3   5   9    |  2   6   1
2   5   9    |  8   6   1    |  3   4   7
6   3   1    |  2   7   4    |  5   9   8
-------------------------------------------
7   1   2    |  6   9   8    |  4   5   3
9   8   3    |  5   4   7    |  1   2   6
5   4   6    |  1   2   3    |  8   7   9
The board -  25  takes  0.0061032772064208984  seconds
After solving:
3   6   1    |  5   2   4    |  7   8   9
7   8   9    |  3   6   1    |  4   2   5
5   2   4    |  8   7   9    |  3   6   1
-------------------------------------------
8   9   3    |  1   5   7    |  6   4   2
4   1   2    |  6   8   3    |  5   9   7
6   5   7    |  9   4   2    |  1   3   8
-------------------------------------------
1   4   8    |  7   9   6    |  2   5   3
2   3   5    |  4   1   8    |  9   7   6
9   7   6    |  2   3   5    |  8   1   4
The board -  26  takes  0.0077550411224365234  seconds
After solving:
5   8   1    |  4   7   9    |  2   6   3
3   2   9    |  1   5   6    |  8   4   7
6   4   7    |  3   2   8    |  1   5   9
-------------------------------------------
9   5   6    |  7   3   1    |  4   2   8
2   3   8    |  9   6   4    |  5   7   1
7   1   4    |  5   8   2    |  9   3   6
-------------------------------------------
1   7   2    |  6   9   5    |  3   8   4
8   9   3    |  2   4   7    |  6   1   5
4   6   5    |  8   1   3    |  7   9   2
The board -  27  takes  0.002116680145263672  seconds
After solving:
3   8   7    |  2   5   6    |  4   1   9
4   6   9    |  7   8   1    |  3   2   5
5   1   2    |  4   3   9    |  8   6   7
-------------------------------------------
1   2   3    |  5   4   8    |  9   7   6
7   5   8    |  9   6   3    |  2   4   1
6   9   4    |  1   2   7    |  5   8   3
-------------------------------------------
8   3   5    |  6   7   4    |  1   9   2
2   7   1    |  8   9   5    |  6   3   4
9   4   6    |  3   1   2    |  7   5   8
The board -  28  takes  0.0050084590911865234  seconds
After solving:
3   4   5    |  8   7   1    |  2   6   9
2   7   9    |  6   5   3    |  1   8   4
8   6   1    |  4   2   9    |  5   3   7
-------------------------------------------
1   9   7    |  3   4   6    |  8   5   2
4   5   2    |  7   1   8    |  3   9   6
6   8   3    |  5   9   2    |  7   4   1
-------------------------------------------
7   3   8    |  2   6   4    |  9   1   5
5   1   6    |  9   3   7    |  4   2   8
9   2   4    |  1   8   5    |  6   7   3
The board -  29  takes  0.006346940994262695  seconds
After solving:
2   3   5    |  7   6   1    |  4   8   9
4   1   9    |  3   2   8    |  5   7   6
8   6   7    |  5   4   9    |  2   1   3
-------------------------------------------
7   4   6    |  1   3   5    |  9   2   8
5   2   1    |  8   9   6    |  7   3   4
9   8   3    |  4   7   2    |  6   5   1
-------------------------------------------
3   9   4    |  2   8   7    |  1   6   5   
6   5   2    |  9   1   3    |  8   4   7
1   7   8    |  6   5   4    |  3   9   2
The board -  30  takes  0.0076868534088134766  seconds
After solving:
2   9   8    |  1   7   5    |  6   4   3
6   5   7    |  3   9   4    |  1   2   8
1   3   4    |  2   8   6    |  5   7   9
-------------------------------------------
8   2   1    |  6   4   9    |  7   3   5
5   7   3    |  8   2   1    |  4   9   6
4   6   9    |  7   5   3    |  2   8   1
-------------------------------------------
3   1   2    |  4   6   8    |  9   5   7
7   8   5    |  9   1   2    |  3   6   4
9   4   6    |  5   3   7    |  8   1   2
The board -  31  takes  0.01330423355102539  seconds
After solving:
7   6   1    |  5   4   3    |  2   8   9
8   3   2    |  7   9   1    |  6   4   5
5   4   9    |  6   2   8    |  1   3   7
-------------------------------------------
3   7   4    |  2   1   5    |  9   6   8
1   2   8    |  9   3   6    |  5   7   4
6   9   5    |  4   8   7    |  3   2   1
-------------------------------------------
4   1   7    |  3   6   9    |  8   5   2
9   5   3    |  8   7   2    |  4   1   6
2   8   6    |  1   5   4    |  7   9   3
The board -  32  takes  0.0040209293365478516  seconds
After solving:
1   3   2    |  6   4   9    |  7   8   5
7   5   8    |  2   1   3    |  6   4   9
9   6   4    |  7   8   5    |  1   2   3
-------------------------------------------
5   4   3    |  8   9   7    |  2   1   6
2   7   6    |  5   3   1    |  8   9   4
8   9   1    |  4   2   6    |  5   3   7
-------------------------------------------
6   1   9    |  3   7   8    |  4   5   2
3   2   7    |  1   5   4    |  9   6   8
4   8   5    |  9   6   2    |  3   7   1
The board -  33  takes  0.00793004035949707  seconds
After solving:
6   9   8    |  1   7   3    |  5   4   2
3   5   4    |  6   2   8    |  1   7   9
1   7   2    |  5   4   9    |  3   6   8
-------------------------------------------
5   3   1    |  8   9   7    |  4   2   6
9   4   6    |  3   1   2    |  8   5   7
8   2   7    |  4   5   6    |  9   1   3
-------------------------------------------
7   6   5    |  9   3   1    |  2   8   4
2   1   3    |  7   8   4    |  6   9   5
4   8   9    |  2   6   5    |  7   3   1
The board -  34  takes  0.004704713821411133  seconds
After solving:
8   5   2    |  7   1   6    |  9   4   3
1   9   7    |  8   4   3    |  6   5   2
4   6   3    |  9   2   5    |  1   8   7
-------------------------------------------
2   7   8    |  6   3   4    |  5   9   1
6   4   5    |  1   7   9    |  3   2   8
9   3   1    |  5   8   2    |  4   7   6
-------------------------------------------
7   8   6    |  4   9   1    |  2   3   5
3   1   4    |  2   5   8    |  7   6   9
5   2   9    |  3   6   7    |  8   1   4
The board -  35  takes  0.008969783782958984  seconds
After solving:
4   5   3    |  2   1   8    |  7   9   6
6   2   9    |  7   5   3    |  4   8   1
1   7   8    |  4   9   6    |  5   3   2
-------------------------------------------
7   9   6    |  5   8   2    |  3   1   4
3   1   4    |  9   6   7    |  8   2   5
2   8   5    |  1   3   4    |  6   7   9
-------------------------------------------
5   4   2    |  8   7   9    |  1   6   3
9   3   7    |  6   4   1    |  2   5   8
8   6   1    |  3   2   5    |  9   4   7
The board -  36  takes  0.0055544376373291016  seconds
After solving:
5   1   6    |  2   8   9    |  3   4   7
8   4   9    |  1   7   3    |  2   5   6
7   3   2    |  4   6   5    |  9   1   8
-------------------------------------------
6   9   8    |  3   1   7    |  5   2   4
3   2   7    |  9   5   4    |  8   6   1
1   5   4    |  8   2   6    |  7   3   9
-------------------------------------------
9   6   1    |  7   3   2    |  4   8   5
2   7   5    |  6   4   8    |  1   9   3
4   8   3    |  5   9   1    |  6   7   2
The board -  37  takes  0.005091428756713867  seconds
After solving:
9   4   5    |  6   8   1    |  7   2   3
7   8   1    |  2   3   4    |  9   6   5
3   2   6    |  7   5   9    |  1   8   4
-------------------------------------------
2   6   9    |  1   7   5    |  3   4   8
1   3   8    |  9   4   2    |  5   7   6
5   7   4    |  8   6   3    |  2   1   9
-------------------------------------------
4   5   7    |  3   2   6    |  8   9   1
6   1   2    |  5   9   8    |  4   3   7
8   9   3    |  4   1   7    |  6   5   2
The board -  38  takes  0.006071805953979492  seconds
After solving:
3   6   5    |  9   4   2    |  8   7   1
1   2   8    |  7   5   6    |  4   9   3
9   7   4    |  8   1   3    |  5   6   2
-------------------------------------------
8   1   9    |  4   3   5    |  6   2   7
5   3   7    |  2   6   8    |  1   4   9
6   4   2    |  1   7   9    |  3   5   8
-------------------------------------------
2   9   6    |  3   8   4    |  7   1   5
7   5   3    |  6   9   1    |  2   8   4
4   8   1    |  5   2   7    |  9   3   6
The board -  39  takes  0.005106210708618164  seconds
After solving:
1   3   4    |  5   8   7    |  2   9   6
2   7   8    |  1   6   9    |  3   5   4
6   9   5    |  2   3   4    |  8   1   7
-------------------------------------------
3   5   9    |  8   1   6    |  4   7   2
8   2   1    |  4   7   3    |  5   6   9
7   4   6    |  9   2   5    |  1   8   3
-------------------------------------------
9   1   7    |  3   4   8    |  6   2   5
4   6   2    |  7   5   1    |  9   3   8
5   8   3    |  6   9   2    |  7   4   1
The board -  40  takes  0.005331754684448242  seconds
After solving:
1   9   3    |  6   7   2    |  4   8   5
4   6   2    |  3   5   8    |  9   7   1
7   8   5    |  9   1   4    |  6   2   3
-------------------------------------------
5   3   8    |  2   9   6    |  7   1   4
6   7   4    |  1   3   5    |  2   9   8
2   1   9    |  4   8   7    |  3   5   6
-------------------------------------------
8   2   6    |  7   4   1    |  5   3   9
9   4   1    |  5   2   3    |  8   6   7
3   5   7    |  8   6   9    |  1   4   2
The board -  41  takes  0.013318777084350586  seconds
After solving:
8   1   4    |  9   7   6    |  5   3   2
6   5   9    |  1   2   3    |  4   7   8
7   3   2    |  8   5   4    |  1   6   9
-------------------------------------------
9   4   8    |  2   6   5    |  3   1   7
2   7   5    |  3   4   1    |  8   9   6
1   6   3    |  7   9   8    |  2   4   5
-------------------------------------------
3   9   1    |  6   8   2    |  7   5   4
5   8   7    |  4   3   9    |  6   2   1
4   2   6    |  5   1   7    |  9   8   3
The board -  42  takes  0.003020763397216797  seconds
After solving:
3   8   4    |  5   6   7    |  9   2   1
1   2   6    |  4   3   9    |  7   8   5
7   5   9    |  8   2   1    |  3   4   6
-------------------------------------------
5   6   3    |  7   9   8    |  2   1   4
8   4   7    |  3   1   2    |  6   5   9
9   1   2    |  6   4   5    |  8   7   3
-------------------------------------------
2   3   1    |  9   7   4    |  5   6   8
4   9   5    |  2   8   6    |  1   3   7
6   7   8    |  1   5   3    |  4   9   2
The board -  43  takes  0.0051746368408203125  seconds
After solving:
4   6   9    |  1   5   8    |  3   7   2
7   1   2    |  4   6   3    |  8   5   9
5   3   8    |  2   9   7    |  6   4   1
-------------------------------------------
9   2   7    |  6   3   4    |  5   1   8
3   8   5    |  7   1   9    |  4   2   6
1   4   6    |  5   8   2    |  7   9   3
-------------------------------------------
6   5   3    |  9   4   1    |  2   8   7
2   9   4    |  8   7   6    |  1   3   5
8   7   1    |  3   2   5    |  9   6   4
The board -  44  takes  0.01112985610961914  seconds
After solving:
3   1   6    |  5   4   9    |  2   7   8
9   8   7    |  3   2   1    |  6   4   5
4   5   2    |  6   7   8    |  9   3   1
-------------------------------------------
5   9   4    |  2   3   6    |  8   1   7
2   3   8    |  4   1   7    |  5   6   9
6   7   1    |  9   8   5    |  3   2   4
-------------------------------------------
8   4   5    |  1   6   2    |  7   9   3
1   2   9    |  7   5   3    |  4   8   6
7   6   3    |  8   9   4    |  1   5   2
The board -  45  takes  0.0010573863983154297  seconds
After solving:
5   8   6    |  1   2   7    |  9   4   3
7   2   3    |  4   6   9    |  8   5   1
4   9   1    |  8   5   3    |  2   6   7
-------------------------------------------
1   3   5    |  9   7   4    |  6   2   8
2   7   9    |  6   1   8    |  5   3   4
6   4   8    |  5   3   2    |  1   7   9
-------------------------------------------
9   1   7    |  2   4   6    |  3   8   5
3   5   2    |  7   8   1    |  4   9   6
8   6   4    |  3   9   5    |  7   1   2
The board -  46  takes  0.010102033615112305  seconds
After solving:
9   5   4    |  2   1   3    |  6   8   7
6   1   7    |  5   4   8    |  9   2   3
8   3   2    |  7   9   6    |  5   4   1
-------------------------------------------
7   6   3    |  8   5   1    |  2   9   4
1   2   8    |  9   7   4    |  3   6   5
5   4   9    |  3   6   2    |  1   7   8
-------------------------------------------
2   8   1    |  6   3   7    |  4   5   9
4   7   5    |  1   2   9    |  8   3   6
3   9   6    |  4   8   5    |  7   1   2
The board -  47  takes  0.007248401641845703  seconds
After solving:
1   5   9    |  7   4   3    |  8   6   2
2   7   6    |  5   8   9    |  4   3   1
3   4   8    |  6   1   2    |  7   5   9
-------------------------------------------
6   2   4    |  9   7   8    |  3   1   5
9   1   7    |  2   3   5    |  6   8   4
5   8   3    |  1   6   4    |  2   9   7
-------------------------------------------
4   3   5    |  8   2   1    |  9   7   6
8   6   1    |  4   9   7    |  5   2   3
7   9   2    |  3   5   6    |  1   4   8
The board -  48  takes  0.0024318695068359375  seconds
After solving:
8   6   1    |  3   5   7    |  2   9   4
5   9   7    |  4   8   2    |  3   6   1
4   3   2    |  6   1   9    |  7   8   5
-------------------------------------------
9   1   6    |  2   7   5    |  8   4   3
3   5   8    |  9   6   4    |  1   2   7
2   7   4    |  1   3   8    |  9   5   6
-------------------------------------------
7   8   9    |  5   4   1    |  6   3   2
1   4   3    |  8   2   6    |  5   7   9
6   2   5    |  7   9   3    |  4   1   8
The board -  49  takes  0.004869937896728516  seconds
After solving:
2   9   4    |  8   6   3    |  5   1   7
7   1   5    |  4   2   9    |  6   3   8
8   6   3    |  7   5   1    |  4   9   2
-------------------------------------------
1   5   2    |  9   4   7    |  8   6   3
4   7   9    |  3   8   6    |  2   5   1
6   3   8    |  5   1   2    |  9   7   4
-------------------------------------------
9   8   6    |  1   3   4    |  7   2   5
5   2   1    |  6   7   8    |  3   4   9
3   4   7    |  2   9   5    |  1   8   6
The board -  50  takes  0.005178213119506836  seconds
After solving:
3   5   1    |  2   8   6    |  4   9   7
4   9   2    |  1   5   7    |  6   3   8
7   8   6    |  9   3   4    |  5   1   2
-------------------------------------------
2   7   5    |  4   6   9    |  1   8   3
9   3   8    |  5   2   1    |  7   6   4
6   1   4    |  8   7   3    |  2   5   9
-------------------------------------------
8   2   9    |  6   4   5    |  3   7   1
1   6   3    |  7   9   2    |  8   4   5
5   4   7    |  3   1   8    |  9   2   6
Number of problems solved is:  50
Time taken to solve the puzzles is:  0.47748851776123047