The board -  1  takes  0.011483430862426758  seconds
After solving: 
4   1   7    |  3   6   9    |  8   2   5
6   3   2    |  1   5   8    |  9   4   7
9   5   8    |  7   2   4    |  3   1   6
-------------------------------------------
8   2   5    |  4   3   7    |  1   6   9
7   9   1    |  5   8   6    |  4   3   2
3   4   6    |  9   1   2    |  7   5   8
-------------------------------------------
2   8   9    |  6   4   3    |  5   7   1
5   7   3    |  2   9   1    |  6   8   4
1   6   4    |  8   7   5    |  2   9   3
The board -  2  takes  0.057338714599609375  seconds
After solving: 
5   2   7    |  3   1   6    |  4   8   9
8   9   6    |  5   4   2    |  7   3   1
3   1   4    |  9   8   7    |  5   6   2
-------------------------------------------
1   7   2    |  4   5   3    |  8   9   6
6   8   9    |  2   7   1    |  3   5   4
4   5   3    |  6   9   8    |  2   1   7
-------------------------------------------
9   4   1    |  8   2   5    |  6   7   3
7   6   5    |  1   3   4    |  9   2   8
2   3   8    |  7   6   9    |  1   4   5
The board -  3  takes  0.04199934005737305  seconds
After solving: 
6   1   7    |  4   5   9    |  8   2   3
2   4   8    |  7   3   6    |  9   1   5
5   3   9    |  1   2   8    |  4   6   7
-------------------------------------------
9   8   2    |  5   6   4    |  3   7   1
3   7   4    |  2   9   1    |  5   8   6
1   5   6    |  8   7   3    |  2   9   4
-------------------------------------------
8   2   3    |  6   4   7    |  1   5   9
7   9   1    |  3   8   5    |  6   4   2
4   6   5    |  9   1   2    |  7   3   8
The board -  4  takes  1.5375337600708008  seconds
After solving: 
4   8   7    |  3   1   2    |  6   9   5
5   9   3    |  6   8   4    |  2   7   1
1   2   6    |  5   9   7    |  3   8   4
-------------------------------------------
7   3   5    |  8   4   9    |  1   6   2
9   1   4    |  2   6   5    |  8   3   7
2   6   8    |  7   3   1    |  5   4   9
-------------------------------------------
8   5   1    |  4   7   6    |  9   2   3
3   7   9    |  1   2   8    |  4   5   6
6   4   2    |  9   5   3    |  7   1   8
The board -  5  takes  0.4536588191986084  seconds
After solving: 
9   6   2    |  3   1   4    |  8   5   7
1   3   4    |  5   8   7    |  2   6   9
5   7   8    |  2   9   6    |  4   1   3
-------------------------------------------
8   4   7    |  9   6   2    |  5   3   1
6   5   1    |  8   7   3    |  9   4   2
3   2   9    |  1   4   5    |  7   8   6
-------------------------------------------
2   8   5    |  6   3   9    |  1   7   4
7   9   3    |  4   5   1    |  6   2   8
4   1   6    |  7   2   8    |  3   9   5
The board -  6  takes  5.201717853546143  seconds
After solving: 
4   1   6    |  8   3   7    |  5   2   9
9   8   2    |  4   6   5    |  3   7   1
7   3   5    |  1   2   9    |  4   6   8
-------------------------------------------
5   7   1    |  2   9   8    |  6   4   3
2   9   3    |  7   4   6    |  1   8   5
8   6   4    |  3   5   1    |  2   9   7
-------------------------------------------
6   4   7    |  9   1   3    |  8   5   2
3   5   9    |  6   8   2    |  7   1   4
1   2   8    |  5   7   4    |  9   3   6
The board -  7  takes  1.6494874954223633  seconds
After solving: 
6   8   2    |  1   5   4    |  3   7   9
9   5   1    |  7   6   3    |  8   4   2
3   7   4    |  8   9   2    |  1   6   5
-------------------------------------------
4   3   7    |  5   2   8    |  9   1   6
8   1   6    |  9   3   7    |  2   5   4
2   9   5    |  4   1   6    |  7   3   8
-------------------------------------------
5   6   8    |  2   7   1    |  4   9   3
7   2   9    |  3   4   5    |  6   8   1
1   4   3    |  6   8   9    |  5   2   7
The board -  8  takes  0.03735232353210449  seconds
After solving: 
6   5   2    |  4   8   1    |  9   3   7
8   3   4    |  6   7   9    |  1   5   2
9   7   1    |  3   2   5    |  8   6   4
-------------------------------------------
4   6   7    |  8   1   2    |  5   9   3
3   1   5    |  7   9   4    |  6   2   8
2   9   8    |  5   6   3    |  4   7   1
-------------------------------------------
1   8   6    |  9   3   7    |  2   4   5
5   2   3    |  1   4   6    |  7   8   9
7   4   9    |  2   5   8    |  3   1   6
The board -  9  takes  1.3430867195129395  seconds
After solving: 
6   8   2    |  1   5   3    |  4   7   9
9   5   1    |  7   6   4    |  8   3   2
3   7   4    |  8   9   2    |  1   6   5
-------------------------------------------
4   3   7    |  5   2   8    |  9   1   6
8   1   6    |  9   4   7    |  2   5   3
2   9   5    |  3   1   6    |  7   4   8
-------------------------------------------
5   6   8    |  2   7   1    |  3   9   4
7   2   9    |  4   3   5    |  6   8   1
1   4   3    |  6   8   9    |  5   2   7
The board -  10  takes  1.767165184020996  seconds
After solving: 
7   9   2    |  3   5   1    |  6   4   8
5   4   3    |  7   8   6    |  1   2   9
6   8   1    |  4   2   9    |  5   3   7
-------------------------------------------
1   5   7    |  6   4   8    |  2   9   3
9   2   4    |  1   3   7    |  8   6   5
8   3   6    |  2   9   5    |  4   7   1
-------------------------------------------
3   6   8    |  5   7   2    |  9   1   4
4   1   9    |  8   6   3    |  7   5   2
2   7   5    |  9   1   4    |  3   8   6
The board -  11  takes  0.3042638301849365  seconds
After solving: 
6   1   4    |  3   8   2    |  5   7   9
9   5   3    |  7   6   4    |  8   1   2
8   2   7    |  5   9   1    |  4   3   6
-------------------------------------------
7   4   2    |  6   3   5    |  1   9   8
1   6   8    |  2   7   9    |  3   5   4
3   9   5    |  4   1   8    |  6   2   7
-------------------------------------------
2   8   6    |  1   5   7    |  9   4   3
5   7   9    |  8   4   3    |  2   6   1
4   3   1    |  9   2   6    |  7   8   5
The board -  12  takes  0.03358149528503418  seconds
After solving: 
8   6   3    |  5   2   1    |  7   9   4
1   2   7    |  4   9   6    |  8   5   3
9   5   4    |  3   8   7    |  6   2   1
-------------------------------------------
6   4   5    |  8   3   9    |  1   7   2
7   3   9    |  1   4   2    |  5   6   8
2   8   1    |  7   6   5    |  4   3   9
-------------------------------------------
4   9   8    |  6   5   3    |  2   1   7
5   1   2    |  9   7   4    |  3   8   6
3   7   6    |  2   1   8    |  9   4   5
The board -  13  takes  0.03580498695373535  seconds
After solving: 
1   3   5    |  4   2   6    |  9   8   7
8   4   6    |  9   5   7    |  3   2   1
9   2   7    |  3   8   1    |  4   6   5
-------------------------------------------
2   1   3    |  7   4   8    |  6   5   9
5   9   8    |  1   6   3    |  7   4   2
6   7   4    |  2   9   5    |  8   1   3
-------------------------------------------
3   5   1    |  6   7   4    |  2   9   8
4   8   2    |  5   3   9    |  1   7   6
7   6   9    |  8   1   2    |  5   3   4
The board -  14  takes  0.6176919937133789  seconds
After solving: 
3   5   6    |  8   7   1    |  2   9   4
9   7   2    |  6   4   3    |  8   5   1
8   4   1    |  9   5   2    |  7   3   6
-------------------------------------------
2   1   3    |  4   6   5    |  9   8   7
7   9   4    |  3   1   8    |  6   2   5
6   8   5    |  2   9   7    |  4   1   3
-------------------------------------------
1   2   8    |  7   3   6    |  5   4   9
5   6   9    |  1   8   4    |  3   7   2
4   3   7    |  5   2   9    |  1   6   8
The board -  15  takes  0.06525897979736328  seconds
After solving: 
1   2   9    |  5   7   6    |  3   4   8
3   7   6    |  4   2   8    |  5   1   9
5   8   4    |  3   9   1    |  6   2   7
-------------------------------------------
2   9   3    |  8   1   5    |  7   6   4
4   1   7    |  2   6   3    |  8   9   5
8   6   5    |  7   4   9    |  1   3   2
-------------------------------------------
9   5   8    |  6   3   2    |  4   7   1
7   3   1    |  9   8   4    |  2   5   6
6   4   2    |  1   5   7    |  9   8   3
The board -  16  takes  0.305072546005249  seconds
After solving: 
6   1   5    |  3   8   2    |  4   7   9
9   4   3    |  7   6   5    |  8   1   2
8   2   7    |  4   9   1    |  5   3   6
-------------------------------------------
7   5   2    |  6   3   4    |  1   9   8
1   6   8    |  2   7   9    |  3   5   4
3   9   4    |  5   1   8    |  6   2   7
-------------------------------------------
2   8   6    |  1   5   7    |  9   4   3
5   7   9    |  8   4   3    |  2   6   1
4   3   1    |  9   2   6    |  7   8   5
The board -  17  takes  0.029172658920288086  seconds
After solving:
7   1   8    |  4   3   5    |  6   9   2
9   6   3    |  2   7   8    |  5   4   1
2   5   4    |  9   6   1    |  3   7   8
-------------------------------------------
5   4   7    |  6   1   2    |  8   3   9
1   9   2    |  3   8   7    |  4   5   6
3   8   6    |  5   4   9    |  1   2   7
-------------------------------------------
6   7   5    |  8   9   3    |  2   1   4
4   2   1    |  7   5   6    |  9   8   3
8   3   9    |  1   2   4    |  7   6   5
The board -  18  takes  1.3226957321166992  seconds
After solving: 
4   5   8    |  2   7   6    |  9   3   1
6   2   3    |  8   9   1    |  4   7   5
1   9   7    |  5   3   4    |  2   8   6
-------------------------------------------
3   7   1    |  4   5   2    |  6   9   8
2   6   9    |  7   8   3    |  1   5   4
8   4   5    |  1   6   9    |  3   2   7
-------------------------------------------
7   1   2    |  9   4   8    |  5   6   3
9   8   6    |  3   1   5    |  7   4   2
5   3   4    |  6   2   7    |  8   1   9
The board -  19  takes  0.00813746452331543  seconds
After solving:
1   2   3    |  7   5   9    |  4   8   6
8   7   4    |  2   6   1    |  5   9   3
9   6   5    |  3   8   4    |  7   2   1
-------------------------------------------
2   1   6    |  5   4   3    |  9   7   8
3   5   7    |  8   9   6    |  1   4   2
4   9   8    |  1   2   7    |  3   6   5
-------------------------------------------
5   3   2    |  4   7   8    |  6   1   9
6   4   1    |  9   3   2    |  8   5   7
7   8   9    |  6   1   5    |  2   3   4
The board -  20  takes  0.042153120040893555  seconds
After solving: 
5   1   8    |  4   7   6    |  2   3   9
4   2   7    |  3   5   9    |  6   1   8
9   6   3    |  8   2   1    |  5   7   4
-------------------------------------------
7   9   5    |  2   4   8    |  3   6   1
8   3   2    |  6   1   7    |  9   4   5
1   4   6    |  9   3   5    |  8   2   7
-------------------------------------------
3   7   9    |  5   6   4    |  1   8   2
6   5   1    |  7   8   2    |  4   9   3
2   8   4    |  1   9   3    |  7   5   6
The board -  21  takes  2.27698016166687  seconds
After solving: 
4   9   8    |  7   1   6    |  5   2   3
2   5   7    |  8   3   9    |  4   6   1
1   3   6    |  4   2   5    |  9   8   7
-------------------------------------------
9   7   1    |  3   8   2    |  6   5   4
6   8   4    |  1   5   7    |  3   9   2
5   2   3    |  6   9   4    |  7   1   8
-------------------------------------------
7   6   5    |  2   4   1    |  8   3   9
3   1   9    |  5   7   8    |  2   4   6
8   4   2    |  9   6   3    |  1   7   5
The board -  22  takes  0.01594376564025879  seconds
After solving:
1   3   2    |  4   7   9    |  6   5   8
8   4   7    |  5   6   3    |  2   9   1
9   5   6    |  2   8   1    |  3   4   7
-------------------------------------------
4   1   3    |  7   2   5    |  8   6   9
5   2   8    |  1   9   6    |  4   7   3
7   6   9    |  3   4   8    |  1   2   5
-------------------------------------------
2   7   1    |  8   5   4    |  9   3   6
3   9   4    |  6   1   7    |  5   8   2
6   8   5    |  9   3   2    |  7   1   4
The board -  23  takes  0.043352603912353516  seconds
After solving: 
4   1   7    |  3   6   9    |  8   2   5
6   3   8    |  1   2   5    |  9   4   7
9   5   2    |  7   4   8    |  3   1   6
-------------------------------------------
8   2   5    |  4   3   7    |  1   6   9
7   9   1    |  8   5   6    |  4   3   2
3   4   6    |  9   1   2    |  7   5   8
-------------------------------------------
2   8   4    |  6   9   3    |  5   7   1
5   7   3    |  2   8   1    |  6   9   4
1   6   9    |  5   7   4    |  2   8   3
The board -  24  takes  0.04119586944580078  seconds
After solving: 
9   2   5    |  3   7   1    |  4   8   6
1   6   3    |  4   9   8    |  7   2   5
8   7   4    |  5   6   2    |  3   9   1
-------------------------------------------
5   4   2    |  6   8   9    |  1   3   7
6   1   8    |  7   5   3    |  9   4   2
7   3   9    |  1   2   4    |  6   5   8
-------------------------------------------
4   8   7    |  9   1   5    |  2   6   3
3   5   1    |  2   4   6    |  8   7   9
2   9   6    |  8   3   7    |  5   1   4
The board -  25  takes  0.023685693740844727  seconds
After solving:
1   2   3    |  4   5   6    |  7   8   9
6   4   9    |  8   3   7    |  2   5   1
8   5   7    |  2   9   1    |  6   3   4
-------------------------------------------
2   7   4    |  5   1   8    |  9   6   3
3   9   8    |  6   7   2    |  4   1   5
5   6   1    |  9   4   3    |  8   2   7
-------------------------------------------
4   1   6    |  7   2   5    |  3   9   8
9   8   5    |  3   6   4    |  1   7   2
7   3   2    |  1   8   9    |  5   4   6
The board -  26  takes  0.24482011795043945  seconds
After solving: 
4   7   5    |  6   9   1    |  3   2   8
9   6   1    |  8   3   2    |  7   4   5
8   2   3    |  7   5   4    |  1   9   6
-------------------------------------------
2   5   9    |  1   4   3    |  6   8   7
3   4   7    |  5   8   6    |  2   1   9
6   1   8    |  9   2   7    |  5   3   4
-------------------------------------------
5   3   4    |  2   6   9    |  8   7   1
7   9   6    |  3   1   8    |  4   5   2
1   8   2    |  4   7   5    |  9   6   3
The board -  27  takes  0.14186882972717285  seconds
After solving: 
3   4   9    |  5   2   6    |  8   7   1
5   2   1    |  8   9   7    |  6   4   3
8   7   6    |  4   1   3    |  5   2   9
-------------------------------------------
7   1   8    |  3   6   9    |  2   5   4
4   6   5    |  2   8   1    |  3   9   7
9   3   2    |  7   4   5    |  1   8   6
-------------------------------------------
6   5   4    |  1   7   8    |  9   3   2
1   8   7    |  9   3   2    |  4   6   5
2   9   3    |  6   5   4    |  7   1   8
The board -  28  takes  3.337815284729004  seconds
After solving: 
6   1   8    |  3   4   2    |  5   7   9
9   4   3    |  7   6   5    |  1   8   2
5   2   7    |  8   9   1    |  4   3   6
-------------------------------------------
7   5   2    |  6   3   4    |  8   9   1
8   6   1    |  2   7   9    |  3   5   4
3   9   4    |  5   1   8    |  6   2   7
-------------------------------------------
2   8   6    |  1   5   7    |  9   4   3
1   7   9    |  4   8   3    |  2   6   5
4   3   5    |  9   2   6    |  7   1   8
The board -  29  takes  0.014951705932617188  seconds
After solving:
9   4   7    |  5   8   2    |  3   6   1
8   6   3    |  4   7   1    |  9   5   2
1   5   2    |  6   3   9    |  7   8   4
-------------------------------------------
6   2   4    |  8   1   3    |  5   7   9
7   3   8    |  2   9   5    |  4   1   6
5   1   9    |  7   6   4    |  8   2   3
-------------------------------------------
2   8   5    |  9   4   6    |  1   3   7
3   9   6    |  1   5   7    |  2   4   8
4   7   1    |  3   2   8    |  6   9   5
The board -  30  takes  0.07389712333679199  seconds
After solving: 
2   5   4    |  3   7   9    |  8   6   1
7   6   1    |  2   4   8    |  5   9   3
8   9   3    |  5   1   6    |  7   4   2
-------------------------------------------
3   2   6    |  7   9   1    |  4   5   8
9   1   5    |  8   2   4    |  3   7   6
4   8   7    |  6   5   3    |  2   1   9
-------------------------------------------
5   3   8    |  1   6   7    |  9   2   4
1   4   2    |  9   8   5    |  6   3   7
6   7   9    |  4   3   2    |  1   8   5
The board -  31  takes  0.0315852165222168  seconds
After solving: 
3   8   5    |  6   2   1    |  4   9   7
1   7   9    |  5   8   4    |  3   2   6
4   2   6    |  7   3   9    |  5   1   8
-------------------------------------------
7   6   2    |  3   9   5    |  8   4   1
5   3   4    |  8   1   2    |  7   6   9
8   9   1    |  4   7   6    |  2   5   3
-------------------------------------------
9   1   7    |  2   5   3    |  6   8   4
2   4   3    |  1   6   8    |  9   7   5
6   5   8    |  9   4   7    |  1   3   2
The board -  32  takes  0.0020079612731933594  seconds
After solving:
8   3   6    |  5   2   1    |  9   4   7
1   4   2    |  3   7   9    |  5   8   6
9   7   5    |  6   4   8    |  3   2   1
-------------------------------------------
3   6   4    |  8   9   2    |  7   1   5
2   5   9    |  1   6   7    |  4   3   8
7   8   1    |  4   3   5    |  2   6   9
-------------------------------------------
5   9   8    |  2   1   4    |  6   7   3   
4   1   3    |  7   5   6    |  8   9   2
6   2   7    |  9   8   3    |  1   5   4
The board -  33  takes  0.005127906799316406  seconds
After solving:
4   2   7    |  5   9   3    |  1   8   6
3   1   5    |  8   6   2    |  4   7   9
9   6   8    |  1   7   4    |  3   2   5
-------------------------------------------
6   5   9    |  3   2   8    |  7   1   4
7   3   1    |  6   4   9    |  8   5   2
2   8   4    |  7   5   1    |  9   6   3
-------------------------------------------
5   9   3    |  2   8   7    |  6   4   1
8   4   2    |  9   1   6    |  5   3   7
1   7   6    |  4   3   5    |  2   9   8
The board -  34  takes  2.473762273788452  seconds
After solving: 
7   8   1    |  9   4   2    |  3   6   5
3   2   4    |  5   7   6    |  9   1   8
6   5   9    |  8   3   1    |  7   2   4
-------------------------------------------
8   1   5    |  7   2   3    |  4   9   6
9   3   6    |  1   5   4    |  8   7   2
2   4   7    |  6   9   8    |  1   5   3
-------------------------------------------
5   7   8    |  3   6   9    |  2   4   1
1   6   2    |  4   8   7    |  5   3   9
4   9   3    |  2   1   5    |  6   8   7
The board -  35  takes  0.15931487083435059  seconds
After solving: 
7   4   8    |  3   9   2    |  1   6   5
3   6   9    |  5   1   4    |  7   2   8
1   2   5    |  8   7   6    |  9   4   3
-------------------------------------------
9   3   2    |  1   4   7    |  8   5   6
6   8   7    |  2   3   5    |  4   1   9
5   1   4    |  6   8   9    |  3   7   2
-------------------------------------------
8   5   3    |  4   6   1    |  2   9   7
4   7   6    |  9   2   3    |  5   8   1
2   9   1    |  7   5   8    |  6   3   4
The board -  36  takes  0.04153275489807129  seconds
After solving: 
4   1   7    |  3   6   9    |  5   2   8
8   3   9    |  1   2   5    |  7   4   6
6   5   2    |  7   4   8    |  3   1   9
-------------------------------------------
9   2   5    |  8   3   7    |  4   6   1
7   4   1    |  9   5   6    |  8   3   2
3   8   6    |  4   1   2    |  9   5   7
-------------------------------------------
2   9   4    |  6   8   3    |  1   7   5
5   7   3    |  2   9   1    |  6   8   4
1   6   8    |  5   7   4    |  2   9   3
The board -  37  takes  0.13062024116516113  seconds
After solving: 
1   2   4    |  5   9   7    |  3   6   8
3   6   9    |  4   2   8    |  5   1   7
5   8   7    |  3   6   1    |  9   2   4
-------------------------------------------
2   9   3    |  8   1   5    |  7   4   6
4   1   6    |  2   7   3    |  8   9   5
8   7   5    |  9   4   6    |  1   3   2
-------------------------------------------
9   5   8    |  6   3   2    |  4   7   1
6   3   1    |  7   8   4    |  2   5   9
7   4   2    |  1   5   9    |  6   8   3
The board -  38  takes  0.05012989044189453  seconds
After solving: 
1   3   7    |  9   2   6    |  4   8   5
9   6   4    |  5   8   7    |  2   3   1
8   2   5    |  3   4   1    |  9   6   7
-------------------------------------------
2   4   1    |  8   9   5    |  6   7   3
6   7   3    |  4   1   2    |  5   9   8
5   8   9    |  6   7   3    |  1   4   2
-------------------------------------------
7   5   8    |  1   6   4    |  3   2   9
3   9   6    |  2   5   8    |  7   1   4
4   1   2    |  7   3   9    |  8   5   6
The board -  39  takes  0.22338008880615234  seconds
After solving: 
2   4   9    |  8   6   5    |  1   7   3
5   3   1    |  9   7   4    |  2   6   8
8   6   7    |  1   3   2    |  4   9   5
-------------------------------------------
4   2   3    |  7   8   6    |  5   1   9
9   8   6    |  2   5   1    |  3   4   7
7   1   5    |  3   4   9    |  8   2   6
-------------------------------------------
6   9   2    |  5   1   8    |  7   3   4
3   5   4    |  6   2   7    |  9   8   1
1   7   8    |  4   9   3    |  6   5   2
The board -  40  takes  0.02309727668762207  seconds
After solving:
3   5   1    |  8   4   6    |  7   2   9
2   8   7    |  3   1   9    |  6   4   5
6   9   4    |  7   2   5    |  1   8   3
-------------------------------------------
1   6   8    |  5   3   4    |  9   7   2
7   2   5    |  1   9   8    |  3   6   4
9   4   3    |  2   6   7    |  5   1   8   
-------------------------------------------
5   1   6    |  4   8   3    |  2   9   7
8   3   2    |  9   7   1    |  4   5   6
4   7   9    |  6   5   2    |  8   3   1
The board -  41  takes  0.697803258895874  seconds
After solving: 
7   4   8    |  5   9   1    |  3   2   6
1   9   5    |  6   2   3    |  8   4   7
2   6   3    |  4   8   7    |  5   1   9
-------------------------------------------
4   2   1    |  9   3   6    |  7   5   8
3   5   6    |  8   7   4    |  2   9   1
9   8   7    |  1   5   2    |  6   3   4
-------------------------------------------
8   3   2    |  7   4   9    |  1   6   5
6   7   9    |  2   1   5    |  4   8   3
5   1   4    |  3   6   8    |  9   7   2
The board -  42  takes  0.3706693649291992  seconds
After solving: 
7   2   3    |  4   6   9    |  8   5   1
6   5   1    |  2   3   8    |  7   9   4
8   9   4    |  7   1   5    |  6   3   2
-------------------------------------------
3   7   5    |  6   9   1    |  4   2   8
9   1   2    |  8   7   4    |  3   6   5
4   8   6    |  5   2   3    |  9   1   7
-------------------------------------------
2   4   8    |  3   5   6    |  1   7   9
1   3   7    |  9   8   2    |  5   4   6
5   6   9    |  1   4   7    |  2   8   3
The board -  43  takes  0.21996617317199707  seconds
After solving: 
9   4   7    |  6   2   8    |  3   5   1
8   6   3    |  7   5   1    |  4   9   2
1   2   5    |  3   4   9    |  6   7   8
-------------------------------------------
7   3   4    |  8   9   5    |  1   2   6
5   8   9    |  1   6   2    |  7   3   4
6   1   2    |  4   7   3    |  9   8   5
-------------------------------------------
4   7   8    |  2   3   6    |  5   1   9
2   5   6    |  9   1   7    |  8   4   3
3   9   1    |  5   8   4    |  2   6   7
The board -  44  takes  0.03443622589111328  seconds
After solving: 
1   3   2    |  4   6   7    |  8   9   5
9   5   7    |  3   8   1    |  2   4   6
8   6   4    |  5   2   9    |  7   3   1
-------------------------------------------
4   2   9    |  6   7   3    |  1   5   8
5   7   8    |  9   1   2    |  3   6   4
6   1   3    |  8   5   4    |  9   7   2
-------------------------------------------
3   8   5    |  2   9   6    |  4   1   7
2   4   1    |  7   3   5    |  6   8   9
7   9   6    |  1   4   8    |  5   2   3
The board -  45  takes  0.06566405296325684  seconds
After solving: 
1   4   3    |  5   8   7    |  9   6   2
8   5   2    |  4   9   6    |  7   3   1
9   7   6    |  3   2   1    |  5   8   4
-------------------------------------------
2   1   4    |  6   7   5    |  3   9   8
6   3   5    |  8   1   9    |  4   2   7
7   8   9    |  2   4   3    |  6   1   5
-------------------------------------------
3   2   1    |  7   6   4    |  8   5   9
4   6   8    |  9   5   2    |  1   7   3
5   9   7    |  1   3   8    |  2   4   6
The board -  46  takes  2.420966386795044  seconds
After solving: 
7   8   3    |  4   6   5    |  2   1   9
4   2   1    |  9   7   3    |  6   5   8
9   6   5    |  2   8   1    |  7   3   4
-------------------------------------------
3   4   7    |  1   2   8    |  5   9   6
1   9   8    |  5   4   6    |  3   2   7
6   5   2    |  3   9   7    |  4   8   1
-------------------------------------------
2   1   6    |  8   5   4    |  9   7   3
5   3   4    |  7   1   9    |  8   6   2
8   7   9    |  6   3   2    |  1   4   5
The board -  47  takes  0.18265986442565918  seconds
After solving: 
2   1   9    |  6   7   5    |  8   4   3
8   6   5    |  4   3   9    |  7   2   1
7   4   3    |  2   8   1    |  5   9   6
-------------------------------------------
9   3   6    |  5   1   2    |  4   8   7
1   5   7    |  3   4   8    |  9   6   2
4   2   8    |  9   6   7    |  1   3   5
-------------------------------------------
3   8   2    |  7   5   4    |  6   1   9
6   7   1    |  8   9   3    |  2   5   4
5   9   4    |  1   2   6    |  3   7   8
The board -  48  takes  0.06819295883178711  seconds
After solving: 
1   2   6    |  7   3   9    |  8   4   5
8   4   7    |  6   2   5    |  3   9   1
9   3   5    |  4   8   1    |  7   6   2
-------------------------------------------
2   1   3    |  8   6   4    |  5   7   9
6   5   4    |  9   7   3    |  2   1   8
7   9   8    |  5   1   2    |  4   3   6
-------------------------------------------
3   6   1    |  2   4   8    |  9   5   7
4   8   9    |  1   5   7    |  6   2   3
5   7   2    |  3   9   6    |  1   8   4
The board -  49  takes  0.3924870491027832  seconds
After solving: 
2   7   3    |  6   8   1    |  4   9   5
8   9   1    |  7   5   4    |  2   6   3
5   4   6    |  3   9   2    |  1   7   8
-------------------------------------------
1   6   9    |  5   3   7    |  8   2   4
4   8   5    |  2   6   9    |  7   3   1
3   2   7    |  1   4   8    |  9   5   6
-------------------------------------------
7   3   4    |  9   1   6    |  5   8   2
9   5   8    |  4   2   3    |  6   1   7
6   1   2    |  8   7   5    |  3   4   9
The board -  50  takes  0.09429478645324707  seconds
After solving: 
6   5   4    |  3   1   2    |  8   7   9
9   1   3    |  8   7   6    |  4   5   2
8   2   7    |  4   9   5    |  1   3   6
-------------------------------------------
7   4   2    |  6   3   8    |  5   9   1
1   6   5    |  7   2   9    |  3   8   4
3   9   8    |  5   4   1    |  6   2   7
-------------------------------------------
2   8   6    |  1   5   7    |  9   4   3
4   7   1    |  9   8   3    |  2   6   5
5   3   9    |  2   6   4    |  7   1   8
The board -  51  takes  0.022037029266357422  seconds
After solving:
1   5   2    |  7   3   8    |  9   4   6
8   6   4    |  2   9   1    |  3   7   5
9   7   3    |  6   4   5    |  2   8   1
-------------------------------------------
2   1   6    |  3   5   7    |  4   9   8
3   4   8    |  9   1   2    |  5   6   7
5   9   7    |  4   8   6    |  1   2   3
-------------------------------------------
4   2   1    |  8   6   3    |  7   5   9
6   3   9    |  5   7   4    |  8   1   2
7   8   5    |  1   2   9    |  6   3   4
The board -  52  takes  0.02014899253845215  seconds
After solving:
1   7   4    |  5   8   9    |  3   6   2
9   5   3    |  2   6   1    |  7   8   4
8   6   2    |  3   4   7    |  9   5   1
-------------------------------------------
2   1   9    |  6   7   3    |  8   4   5
3   8   7    |  4   1   5    |  2   9   6
5   4   6    |  9   2   8    |  1   7   3
-------------------------------------------
6   2   8    |  1   9   4    |  5   3   7
4   9   5    |  7   3   2    |  6   1   8
7   3   1    |  8   5   6    |  4   2   9
The board -  53  takes  0.011963129043579102  seconds
After solving:
1   2   6    |  4   7   8    |  5   9   3
8   3   7    |  5   9   2    |  4   6   1
9   4   5    |  3   6   1    |  2   7   8
-------------------------------------------
4   1   2    |  9   3   7    |  8   5   6
5   6   9    |  1   8   4    |  7   3   2
7   8   3    |  2   5   6    |  9   1   4
-------------------------------------------
2   5   1    |  6   4   9    |  3   8   7
3   7   4    |  8   1   5    |  6   2   9
6   9   8    |  7   2   3    |  1   4   5
The board -  54  takes  0.02231884002685547  seconds
After solving:
9   6   4    |  8   1   5    |  2   3   7
2   5   8    |  6   3   7    |  1   4   9
3   1   7    |  9   2   4    |  6   5   8
-------------------------------------------
8   7   2    |  1   5   9    |  3   6   4
4   9   5    |  2   6   3    |  7   8   1
6   3   1    |  4   7   8    |  9   2   5
-------------------------------------------
7   8   3    |  5   9   6    |  4   1   2
5   2   9    |  3   4   1    |  8   7   6
1   4   6    |  7   8   2    |  5   9   3
The board -  55  takes  0.036840200424194336  seconds
After solving: 
4   7   6    |  5   2   9    |  1   8   3
8   9   5    |  1   7   3    |  6   2   4
3   2   1    |  8   6   4    |  7   9   5
-------------------------------------------
5   1   7    |  3   9   8    |  2   4   6
2   8   9    |  6   4   5    |  3   7   1
6   3   4    |  7   1   2    |  9   5   8
-------------------------------------------
7   5   2    |  4   3   1    |  8   6   9
1   6   8    |  9   5   7    |  4   3   2
9   4   3    |  2   8   6    |  5   1   7
The board -  56  takes  0.02211284637451172  seconds
After solving:
5   3   8    |  1   2   7    |  9   4   6
6   2   4    |  8   3   9    |  7   5   1
7   1   9    |  6   4   5    |  3   8   2
-------------------------------------------
9   6   5    |  3   1   4    |  8   2   7
3   8   1    |  7   6   2    |  5   9   4
2   4   7    |  5   9   8    |  1   6   3
-------------------------------------------
4   9   3    |  2   8   1    |  6   7   5
8   5   6    |  4   7   3    |  2   1   9
1   7   2    |  9   5   6    |  4   3   8
The board -  57  takes  0.08618426322937012  seconds
After solving: 
1   2   4    |  5   9   7    |  8   6   3
9   3   7    |  6   4   8    |  2   1   5
8   5   6    |  2   3   1    |  7   4   9
-------------------------------------------
5   1   3    |  7   8   6    |  4   9   2
4   8   2    |  9   1   3    |  6   5   7
7   6   9    |  4   2   5    |  1   3   8
-------------------------------------------
6   9   8    |  3   7   4    |  5   2   1
3   4   1    |  8   5   2    |  9   7   6
2   7   5    |  1   6   9    |  3   8   4
The board -  58  takes  0.04109692573547363  seconds
After solving: 
8   7   2    |  4   5   9    |  6   3   1
1   5   4    |  6   8   3    |  9   7   2
9   6   3    |  7   2   1    |  4   8   5
-------------------------------------------
2   1   6    |  8   3   4    |  7   5   9
5   4   9    |  2   1   7    |  3   6   8
7   3   8    |  5   9   6    |  1   2   4
-------------------------------------------
4   8   1    |  3   6   2    |  5   9   7
6   2   7    |  9   4   5    |  8   1   3
3   9   5    |  1   7   8    |  2   4   6
The board -  59  takes  0.049774885177612305  seconds
After solving: 
9   4   7    |  3   2   6    |  5   8   1
8   5   2    |  4   9   1    |  6   7   3
1   3   6    |  5   8   7    |  9   4   2
-------------------------------------------
2   8   4    |  7   3   5    |  1   6   9
6   9   3    |  8   1   2    |  4   5   7
7   1   5    |  6   4   9    |  2   3   8
-------------------------------------------
5   7   9    |  1   6   8    |  3   2   4
3   2   8    |  9   5   4    |  7   1   6
4   6   1    |  2   7   3    |  8   9   5
The board -  60  takes  0.08462882041931152  seconds
After solving: 
2   1   5    |  8   7   6    |  9   4   3
6   7   8    |  3   9   4    |  2   1   5
3   4   9    |  1   2   5    |  8   7   6
-------------------------------------------
5   8   7    |  4   3   2    |  1   6   9
4   6   3    |  9   8   1    |  7   5   2
1   9   2    |  6   5   7    |  3   8   4
-------------------------------------------
8   2   6    |  7   4   3    |  5   9   1
7   3   4    |  5   1   9    |  6   2   8
9   5   1    |  2   6   8    |  4   3   7
The board -  61  takes  0.12210750579833984  seconds
After solving:
1   2   4    |  3   9   7    |  8   5   6   
8   3   5    |  6   4   1    |  2   9   7
9   6   7    |  8   2   5    |  3   4   1
-------------------------------------------
2   4   1    |  5   3   8    |  7   6   9
5   8   3    |  7   6   9    |  4   1   2
6   7   9    |  4   1   2    |  5   3   8
-------------------------------------------
3   1   2    |  9   7   4    |  6   8   5
4   9   8    |  2   5   6    |  1   7   3
7   5   6    |  1   8   3    |  9   2   4
The board -  62  takes  0.05313372611999512  seconds
After solving: 
1   2   5    |  9   7   6    |  3   4   8
3   6   9    |  4   2   8    |  5   1   7
7   8   4    |  3   5   1    |  9   2   6
-------------------------------------------
2   5   3    |  8   1   7    |  6   9   4
4   1   6    |  2   9   3    |  8   7   5
8   9   7    |  6   4   5    |  1   3   2
-------------------------------------------
9   7   8    |  5   3   2    |  4   6   1
6   3   1    |  7   8   4    |  2   5   9
5   4   2    |  1   6   9    |  7   8   3
The board -  63  takes  0.02115654945373535  seconds
After solving:
2   8   3    |  7   4   1    |  5   9   6
6   1   5    |  2   3   9    |  7   4   8
9   7   4    |  8   6   5    |  3   2   1
-------------------------------------------
3   9   7    |  1   2   6    |  8   5   4
8   6   1    |  4   5   3    |  9   7   2
4   5   2    |  9   7   8    |  6   1   3
-------------------------------------------
5   2   8    |  3   9   4    |  1   6   7
7   3   6    |  5   1   2    |  4   8   9
1   4   9    |  6   8   7    |  2   3   5
The board -  64  takes  0.17059707641601562  seconds
After solving: 
9   5   7    |  6   3   8    |  4   2   1
1   4   6    |  7   2   9    |  3   8   5
8   3   2    |  5   4   1    |  6   7   9
-------------------------------------------
4   1   9    |  3   5   2    |  7   6   8
6   2   8    |  4   1   7    |  9   5   3
3   7   5    |  9   8   6    |  1   4   2
-------------------------------------------
7   9   1    |  2   6   5    |  8   3   4
5   8   3    |  1   7   4    |  2   9   6
2   6   4    |  8   9   3    |  5   1   7
The board -  65  takes  0.0  seconds
After solving:
1   2   7    |  3   6   5    |  4   8   9
8   5   3    |  4   9   1    |  2   7   6
9   6   4    |  2   7   8    |  3   5   1
-------------------------------------------
2   3   1    |  7   5   6    |  8   9   4
5   4   8    |  9   3   2    |  6   1   7
6   7   9    |  1   8   4    |  5   2   3
-------------------------------------------
3   1   2    |  5   4   7    |  9   6   8
4   8   5    |  6   1   9    |  7   3   2
7   9   6    |  8   2   3    |  1   4   5
The board -  66  takes  0.04135012626647949  seconds
After solving: 
3   4   5    |  6   7   1    |  2   9   8
9   8   7    |  2   5   3    |  1   4   6
6   2   1    |  9   8   4    |  5   7   3
-------------------------------------------
2   6   4    |  7   9   5    |  8   3   1
5   7   3    |  8   1   6    |  4   2   9
1   9   8    |  4   3   2    |  6   5   7
-------------------------------------------
8   3   6    |  5   2   9    |  7   1   4
7   1   2    |  3   4   8    |  9   6   5
4   5   9    |  1   6   7    |  3   8   2
The board -  67  takes  0.0908961296081543  seconds
After solving: 
2   6   5    |  3   8   9    |  4   7   1
8   7   4    |  2   5   1    |  6   9   3
1   9   3    |  6   4   7    |  8   5   2
-------------------------------------------
3   2   7    |  8   9   4    |  1   6   5
9   4   6    |  1   2   5    |  3   8   7
5   1   8    |  7   6   3    |  2   4   9
-------------------------------------------
6   3   1    |  5   7   8    |  9   2   4
4   5   2    |  9   1   6    |  7   3   8
7   8   9    |  4   3   2    |  5   1   6
The board -  68  takes  0.10233044624328613  seconds
After solving: 
8   4   2    |  3   5   9    |  1   6   7
5   7   3    |  1   8   6    |  9   4   2
6   1   9    |  2   7   4    |  5   3   8
-------------------------------------------
1   2   7    |  8   6   5    |  3   9   4
4   3   5    |  7   9   1    |  2   8   6
9   6   8    |  4   2   3    |  7   1   5
-------------------------------------------
7   8   1    |  9   4   2    |  6   5   3
3   5   4    |  6   1   7    |  8   2   9
2   9   6    |  5   3   8    |  4   7   1
The board -  69  takes  0.09479808807373047  seconds
After solving: 
5   3   8    |  2   1   9    |  7   4   6
9   6   2    |  8   7   4    |  5   3   1
1   7   4    |  3   5   6    |  2   9   8
-------------------------------------------
2   8   3    |  4   9   7    |  6   1   5
7   4   1    |  5   6   8    |  3   2   9
6   9   5    |  1   2   3    |  8   7   4
-------------------------------------------
3   2   9    |  6   4   5    |  1   8   7
8   5   7    |  9   3   1    |  4   6   2
4   1   6    |  7   8   2    |  9   5   3
The board -  70  takes  0.07260417938232422  seconds
After solving: 
8   6   3    |  7   5   1    |  2   9   4
9   5   7    |  4   3   2    |  6   8   1
1   2   4    |  6   8   9    |  5   7   3
-------------------------------------------
5   3   2    |  9   7   6    |  1   4   8
6   1   9    |  8   4   3    |  7   2   5
7   4   8    |  1   2   5    |  9   3   6
-------------------------------------------
3   8   6    |  2   1   7    |  4   5   9
2   9   5    |  3   6   4    |  8   1   7
4   7   1    |  5   9   8    |  3   6   2
The board -  71  takes  1.6227850914001465  seconds
After solving: 
9   8   6    |  3   2   4    |  1   5   7
1   2   4    |  7   5   9    |  3   6   8
5   3   7    |  8   6   1    |  4   2   9
-------------------------------------------
4   1   3    |  2   8   5    |  9   7   6
6   9   5    |  1   7   3    |  2   8   4
2   7   8    |  9   4   6    |  5   1   3
-------------------------------------------
3   4   2    |  6   1   7    |  8   9   5
8   6   9    |  5   3   2    |  7   4   1
7   5   1    |  4   9   8    |  6   3   2
The board -  72  takes  0.02321481704711914  seconds
After solving:
9   4   5    |  6   7   1    |  2   8   3
1   3   6    |  4   8   2    |  5   9   7
8   2   7    |  5   9   3    |  4   6   1
-------------------------------------------
6   1   4    |  8   3   7    |  9   5   2
7   9   8    |  1   2   5    |  3   4   6
2   5   3    |  9   6   4    |  1   7   8
-------------------------------------------
3   6   2    |  7   5   9    |  8   1   4
5   8   1    |  2   4   6    |  7   3   9
4   7   9    |  3   1   8    |  6   2   5
The board -  73  takes  0.1349327564239502  seconds
After solving: 
7   2   4    |  3   6   9    |  8   5   1
6   5   1    |  2   4   8    |  7   9   3
8   9   3    |  7   1   5    |  6   4   2
-------------------------------------------
3   7   5    |  6   9   1    |  4   2   8
9   1   2    |  8   7   4    |  3   6   5
4   8   6    |  5   2   3    |  9   1   7
-------------------------------------------
2   3   8    |  4   5   6    |  1   7   9
1   4   7    |  9   8   2    |  5   3   6
5   6   9    |  1   3   7    |  2   8   4
The board -  74  takes  0.09506011009216309  seconds
After solving: 
1   2   6    |  4   3   7    |  9   5   8
8   9   5    |  6   2   1    |  4   7   3
3   7   4    |  9   8   5    |  1   2   6
-------------------------------------------
4   5   7    |  1   9   3    |  8   6   2
9   8   3    |  2   4   6    |  5   1   7
6   1   2    |  5   7   8    |  3   9   4
-------------------------------------------
2   6   9    |  3   1   4    |  7   8   5
5   4   8    |  7   6   9    |  2   3   1
7   3   1    |  8   5   2    |  6   4   9
The board -  75  takes  0.08456635475158691  seconds
After solving: 
1   5   2    |  9   4   6    |  8   3   7
9   6   3    |  5   8   7    |  4   2   1
8   4   7    |  2   3   1    |  6   9   5
-------------------------------------------
5   7   4    |  8   6   3    |  9   1   2
2   8   9    |  4   1   5    |  7   6   3
6   3   1    |  7   2   9    |  5   4   8
-------------------------------------------
7   9   6    |  1   5   2    |  3   8   4
4   1   5    |  3   9   8    |  2   7   6
3   2   8    |  6   7   4    |  1   5   9
The board -  76  takes  0.06040310859680176  seconds
After solving: 
2   6   9    |  3   1   4    |  7   8   5
5   4   8    |  7   6   9    |  2   3   1
7   3   1    |  8   5   2    |  6   4   9
-------------------------------------------
1   2   6    |  4   3   7    |  9   5   8
8   9   5    |  6   2   1    |  4   7   3
3   7   4    |  9   8   5    |  1   2   6
-------------------------------------------
4   5   7    |  1   9   3    |  8   6   2
9   8   3    |  2   4   6    |  5   1   7
6   1   2    |  5   7   8    |  3   9   4
The board -  77  takes  0.054825782775878906  seconds
After solving: 
1   5   2    |  6   7   8    |  9   4   3
8   6   4    |  3   9   1    |  7   5   2
9   7   3    |  2   4   5    |  6   8   1
-------------------------------------------
2   1   5    |  7   6   3    |  8   9   4
4   9   7    |  5   8   2    |  1   3   6
6   3   8    |  9   1   4    |  5   2   7
-------------------------------------------
3   2   1    |  8   5   6    |  4   7   9
5   4   9    |  1   2   7    |  3   6   8
7   8   6    |  4   3   9    |  2   1   5
The board -  78  takes  0.01612544059753418  seconds
After solving:
4   9   6    |  5   7   3    |  1   2   8
3   8   1    |  9   2   4    |  6   7   5
2   7   5    |  8   6   1    |  9   4   3
-------------------------------------------
1   5   3    |  7   8   9    |  4   6   2
9   6   2    |  4   3   5    |  7   8   1
8   4   7    |  2   1   6    |  5   3   9
-------------------------------------------
7   1   4    |  3   5   2    |  8   9   6
5   2   9    |  6   4   8    |  3   1   7
6   3   8    |  1   9   7    |  2   5   4
The board -  79  takes  0.19712328910827637  seconds
After solving: 
2   5   3    |  4   7   9    |  8   6   1
7   6   1    |  2   3   8    |  5   9   4
8   9   4    |  5   1   6    |  7   3   2
-------------------------------------------
3   2   6    |  7   9   1    |  4   5   8
9   1   5    |  8   2   4    |  3   7   6
4   8   7    |  6   5   3    |  2   1   9
-------------------------------------------
5   4   8    |  1   6   7    |  9   2   3
1   3   2    |  9   8   5    |  6   4   7
6   7   9    |  3   4   2    |  1   8   5
The board -  80  takes  0.024036169052124023  seconds
After solving:
9   6   3    |  7   4   1    |  2   5   8
1   5   2    |  3   9   8    |  6   7   4
8   7   4    |  2   6   5    |  3   9   1
-------------------------------------------
3   4   5    |  8   7   2    |  1   6   9
2   1   8    |  9   5   6    |  7   4   3
6   9   7    |  1   3   4    |  8   2   5
-------------------------------------------
7   2   1    |  4   8   9    |  5   3   6
5   8   9    |  6   2   3    |  4   1   7
4   3   6    |  5   1   7    |  9   8   2
The board -  81  takes  0.06677794456481934  seconds
After solving: 
1   5   2    |  3   9   8    |  6   4   7
9   7   3    |  6   4   1    |  2   8   5
8   6   4    |  5   7   2    |  9   3   1
-------------------------------------------
5   9   8    |  7   1   4    |  3   6   2
2   4   7    |  9   3   6    |  1   5   8
3   1   6    |  2   8   5    |  7   9   4
-------------------------------------------
7   2   5    |  4   6   3    |  8   1   9
4   3   1    |  8   2   9    |  5   7   6
6   8   9    |  1   5   7    |  4   2   3
The board -  82  takes  0.07011246681213379  seconds
After solving: 
9   4   6    |  7   3   1    |  5   8   2
1   5   7    |  2   4   8    |  6   3   9
8   3   2    |  6   5   9    |  4   7   1
-------------------------------------------
7   1   9    |  4   2   3    |  8   6   5
5   8   4    |  9   7   6    |  1   2   3
6   2   3    |  8   1   5    |  9   4   7
-------------------------------------------
4   6   1    |  3   9   7    |  2   5   8
3   9   8    |  5   6   2    |  7   1   4
2   7   5    |  1   8   4    |  3   9   6
The board -  83  takes  0.09850955009460449  seconds
After solving: 
9   3   2    |  4   7   5    |  8   6   1
6   1   7    |  9   2   8    |  5   3   4
8   4   5    |  6   1   3    |  2   7   9
-------------------------------------------
5   6   8    |  7   4   1    |  3   9   2
4   2   9    |  8   3   6    |  7   1   5
1   7   3    |  2   5   9    |  6   4   8
-------------------------------------------
3   5   6    |  1   9   2    |  4   8   7
2   9   4    |  3   8   7    |  1   5   6
7   8   1    |  5   6   4    |  9   2   3
The board -  84  takes  0.03430819511413574  seconds
After solving: 
6   1   8    |  4   5   9    |  7   2   3
3   4   2    |  8   6   7    |  5   1   9
5   7   9    |  1   2   3    |  4   6   8
-------------------------------------------
2   9   6    |  5   3   4    |  1   8   7
7   8   4    |  2   9   1    |  6   3   5
1   5   3    |  7   8   6    |  2   9   4
-------------------------------------------
9   2   7    |  6   4   8    |  3   5   1
8   6   1    |  3   7   5    |  9   4   2
4   3   5    |  9   1   2    |  8   7   6
The board -  85  takes  0.02156853675842285  seconds
After solving:
9   5   7    |  2   6   1    |  3   8   4
8   4   6    |  5   3   7    |  9   2   1
1   2   3    |  4   8   9    |  5   6   7
-------------------------------------------
7   3   4    |  9   2   6    |  8   1   5
2   9   5    |  8   1   4    |  7   3   6
6   1   8    |  3   7   5    |  4   9   2
-------------------------------------------
5   7   2    |  1   9   8    |  6   4   3
4   8   1    |  6   5   3    |  2   7   9
3   6   9    |  7   4   2    |  1   5   8
The board -  86  takes  0.011354446411132812  seconds
After solving:
1   3   2    |  7   4   9    |  6   8   5
8   5   7    |  3   6   1    |  9   2   4
9   6   4    |  2   8   5    |  3   7   1
-------------------------------------------
2   1   6    |  4   5   7    |  8   3   9   
3   4   8    |  6   9   2    |  1   5   7
5   7   9    |  8   1   3    |  2   4   6
-------------------------------------------
4   2   1    |  5   3   6    |  7   9   8
6   8   3    |  9   7   4    |  5   1   2
7   9   5    |  1   2   8    |  4   6   3
The board -  87  takes  0.05052661895751953  seconds
After solving: 
7   4   6    |  5   1   3    |  8   9   2
1   3   2    |  8   6   9    |  7   5   4
5   9   8    |  7   4   2    |  3   1   6
-------------------------------------------
3   6   7    |  9   2   5    |  4   8   1
9   2   5    |  4   8   1    |  6   7   3
4   8   1    |  6   3   7    |  9   2   5
-------------------------------------------
6   7   9    |  1   5   4    |  2   3   8
2   5   4    |  3   7   8    |  1   6   9
8   1   3    |  2   9   6    |  5   4   7
The board -  88  takes  0.0011546611785888672  seconds
After solving:
9   5   6    |  3   2   7    |  8   4   1
1   2   7    |  4   8   6    |  3   9   5
8   3   4    |  9   5   1    |  2   6   7
-------------------------------------------
5   4   8    |  7   3   9    |  6   1   2
2   7   1    |  8   6   4    |  5   3   9
3   6   9    |  2   1   5    |  4   7   8
-------------------------------------------
7   9   3    |  5   4   8    |  1   2   6
4   1   5    |  6   9   2    |  7   8   3
6   8   2    |  1   7   3    |  9   5   4
The board -  89  takes  0.05766439437866211  seconds
After solving: 
9   3   5    |  7   4   8    |  6   2   1
8   7   6    |  2   3   1    |  5   9   4
1   2   4    |  6   9   5    |  7   8   3
-------------------------------------------
5   1   2    |  4   6   9    |  3   7   8
6   4   3    |  8   7   2    |  9   1   5
7   8   9    |  1   5   3    |  4   6   2
-------------------------------------------
2   6   7    |  5   1   4    |  8   3   9
4   9   1    |  3   8   6    |  2   5   7
3   5   8    |  9   2   7    |  1   4   6
The board -  90  takes  0.02205038070678711  seconds
After solving:
1   4   3    |  2   5   8    |  6   7   9
8   7   2    |  9   6   4    |  1   5   3
6   9   5    |  1   3   7    |  4   8   2
-------------------------------------------
9   8   6    |  5   4   1    |  3   2   7
4   5   1    |  3   7   2    |  9   6   8
2   3   7    |  8   9   6    |  5   1   4
-------------------------------------------
7   1   9    |  6   2   3    |  8   4   5
5   6   4    |  7   8   9    |  2   3   1
3   2   8    |  4   1   5    |  7   9   6
The board -  91  takes  0.011718988418579102  seconds
After solving:
9   3   7    |  6   5   8    |  2   4   1
8   6   4    |  2   9   1    |  7   3   5
1   2   5    |  7   3   4    |  9   8   6
-------------------------------------------
5   8   3    |  4   1   9    |  6   2   7
6   4   9    |  3   7   2    |  5   1   8
7   1   2    |  5   8   6    |  4   9   3
-------------------------------------------
4   7   1    |  9   6   3    |  8   5   2
3   9   6    |  8   2   5    |  1   7   4
2   5   8    |  1   4   7    |  3   6   9
The board -  92  takes  0.005091667175292969  seconds
After solving: 
9   2   4    |  3   6   1    |  7   5   8
1   5   6    |  4   7   8    |  2   9   3
8   3   7    |  5   9   2    |  6   4   1
-------------------------------------------
6   1   3    |  2   4   7    |  9   8   5
7   4   9    |  1   8   5    |  3   2   6
5   8   2    |  9   3   6    |  1   7   4
-------------------------------------------
4   9   8    |  6   2   3    |  5   1   7
3   7   1    |  8   5   9    |  4   6   2
2   6   5    |  7   1   4    |  8   3   9
The board -  93  takes  0.03231358528137207  seconds
After solving:
8   5   6    |  4   9   1    |  3   7   2
1   4   3    |  5   7   2    |  6   9   8
9   2   7    |  3   6   8    |  4   5   1
-------------------------------------------
2   7   8    |  6   4   5    |  1   3   9
5   1   4    |  9   2   3    |  7   8   6
6   3   9    |  8   1   7    |  2   4   5
-------------------------------------------
3   6   1    |  7   8   9    |  5   2   4
4   8   5    |  2   3   6    |  9   1   7
7   9   2    |  1   5   4    |  8   6   3
The board -  94  takes  0.017651081085205078  seconds
After solving: 
6   5   9    |  4   1   2    |  3   7   8
2   3   8    |  6   7   9    |  4   5   1
7   4   1    |  3   8   5    |  2   9   6
-------------------------------------------
8   6   5    |  7   2   3    |  1   4   9
4   2   7    |  8   9   1    |  6   3   5
9   1   3    |  5   4   6    |  7   8   2
-------------------------------------------
3   9   6    |  1   5   7    |  8   2   4
5   7   4    |  2   6   8    |  9   1   3
1   8   2    |  9   3   4    |  5   6   7
The board -  95  takes  0.11361980438232422  seconds
After solving: 
3   5   4    |  1   8   6    |  9   2   7
2   9   8    |  7   4   3    |  6   1   5
1   6   7    |  9   5   2    |  4   8   3
-------------------------------------------
4   8   1    |  5   2   7    |  3   6   9
9   3   2    |  6   1   4    |  5   7   8
5   7   6    |  3   9   8    |  2   4   1
-------------------------------------------
7   2   9    |  8   6   5    |  1   3   4
8   4   5    |  2   3   1    |  7   9   6
6   1   3    |  4   7   9    |  8   5   2
Number of problems solved is:  95
Time taken to solve the puzzles is:  33.15889263153076